7.63837	7.84934
10.4819	10.8358
14.5625	14.8945
15.9379	16.1402
18.0257	18.327
21.256	21.7599
25.1878	25.3939
25.9695	26.1756
27.7485	27.9394
31.0906	31.4821
33.9725	34.2074
38.8942	39.3975
43.3928	43.603
44.8159	45.0388
46.5124	46.7104
49.8798	50.2351
51.3104	51.5445
52.6506	52.8756
55.5678	55.7505
60.3272	60.7136
62.4812	62.7054
64.5343	64.7901
66.6627	66.8624
68.9538	69.2227
69.9008	70.0909
71.7201	72.1014
73.2068	73.4329
78.9443	79.1343
79.4447	79.6504
82.6901	83.0546
87.1486	87.3944
89.0039	89.2054
91.3012	91.7192
93.6713	93.8729
99.5749	99.7895
101.738	102.18
105.67	105.914
109.237	109.424
110.44	110.624
111.726	112.115
115.013	115.203
117.982	118.18
120.585	120.971
129.569	129.966
132.544	132.766
134.918	135.13
139.399	139.632
141.181	141.617
146.132	146.362
149.322	149.573
151.969	152.377
155.05	155.28
157.168	157.408
160.285	160.505
163.058	163.452
165.884	166.101
169.012	169.241
170.619	170.913
172.609	172.79
174.795	175.208
176.782	177.087
180.177	180.379
182.923	183.12
185.828	186.251
189.128	189.367
192.291	192.51
195.593	196.065
199.3	199.712
206.286	206.535
208.057	208.266
209.044	209.407
211.572	211.796
215.39	215.635
217.657	217.847
220.54	220.946
224.637	224.833
228.445	228.67
230.694	231.05
233.456	233.665
239.789	240.011
241.978	242.333
248.84	249.374
251.594	251.793
255.474	255.661
258.583	259.027
263.86	264.23
266.483	266.733
268.027	268.302
271.482	271.932
276.117	276.313
277.937	278.213
280.412	280.769
284.832	285.395
291.244	291.643
298.733	298.974
302.459	302.948
305.977	306.208
307.771	308.059
310.397	310.836
313.483	313.682
316.378	316.579
319.538	319.767
322.07	322.548
326.088	326.324
330.004	330.218
333.236	333.636
338.338	338.661
341.745	342.282
